Row	Hour	Genotype	Condition	C1	C2	C3	C4	C5	C6	C7	C8	C9	C10	C11	C12
A	0	G130	STANDARD	1.66E+05	1.83E+05	1.86E+05	1.85E+05	1.77E+05	1.07E+05	1.10E+05	1.78E+05	9.71E+04	1.80E+05	1.47E+05	1.50E+05
B	0	G130	STANDARD	1.48E+05	1.27E+05	2.96E+05	1.65E+05	3.26E+05	6.85E+04	1.61E+05	1.09E+05	2.85E+05	1.64E+05	2.43E+05	8.95E+04
C	0	G130	STANDARD	2.16E+05	3.59E+05	1.66E+05	2.51E+05	1.90E+05	1.75E+05	1.99E+05	1.71E+05	3.09E+05	3.51E+05	2.30E+05	3.36E+05
D	0	G130	STANDARD	2.58E+05	9.64E+04	1.95E+05	1.30E+05	1.86E+05	1.65E+05	1.66E+05	1.66E+05	2.33E+05	2.17E+05	1.90E+05	1.67E+05
E	0	EMPTY	NONE	1.71E+03	5.24E+03	1.93E+03	1.57E+03	1.68E+03	2.60E+03	2.73E+03	2.01E+03	1.98E+03	2.57E+03	1.90E+03	1.08E+03
F	0	EMPTY	NONE	8.68E+02	1.76E+03	1.37E+03	9.23E+02	1.58E+03	1.42E+03	2.11E+03	1.06E+03	9.08E+02	1.35E+03	8.94E+02	4.81E+02
G	0	EMPTY	NONE	5.62E+02	4.24E+02	2.33E+03	7.60E+02	3.85E+02	1.00E+03	8.70E+02	7.96E+02	2.57E+02	2.76E+02	1.39E+02	8.86E+02
H	0	EMPTY	NONE	-3.32E+02	4.71E+01	3.29E+02	4.31E+01	-8.75E+01	3.79E+01	6.55E+02	-1.68E+02	-4.30E+01	2.54E+02	5.36E+02	7.32E+02
A	0	G130	AMP	7.40E+04	8.18E+04	1.51E+05	7.70E+04	1.30E+05	1.11E+05	1.11E+05	7.29E+04	1.25E+05	5.40E+04	1.33E+05	1.90E+05
B	0	G130	AMP	1.61E+05	1.55E+05	1.12E+05	1.54E+05	8.45E+04	1.65E+05	1.71E+05	1.56E+05	1.99E+05	2.69E+05	1.71E+05	1.25E+05
C	0	G130	AMP	7.45E+04	9.99E+04	1.16E+05	1.70E+05	1.20E+05	1.03E+05	1.27E+05	1.42E+05	1.24E+05	1.77E+05	7.99E+04	1.38E+05
D	0	G130	AMP	3.01E+05	9.61E+04	1.36E+05	1.77E+05	7.22E+04	2.25E+05	1.65E+05	1.68E+05	4.82E+05	1.54E+05	1.92E+05	2.79E+05
E	0	EMPTY	NONE	3.77E+03	2.08E+03	1.69E+03	1.38E+03	1.89E+03	2.26E+03	2.24E+03	2.32E+03	2.71E+03	2.27E+03	1.53E+03	2.02E+03
F	0	G090	STANDARD	4.38E+04	8.89E+04	8.26E+04	1.61E+05	1.20E+05	2.11E+05	1.17E+05	7.71E+04	1.30E+05	4.10E+04	1.14E+05	1.63E+05
G	0	G090	STANDARD	9.05E+04	8.60E+04	1.07E+05	1.10E+05	9.86E+04	1.55E+05	1.96E+05	1.19E+05	2.17E+05	1.38E+05	1.10E+05	1.03E+05
H	0	G090	STANDARD	1.26E+05	1.56E+05	9.32E+04	1.22E+05	2.38E+05	2.05E+05	1.26E+05	1.74E+05	1.19E+05	2.14E+05	1.42E+05	1.31E+05
A	18	G130	STANDARD	1.48E+04	7.15E+05	2.83E+06	3.52E+05	4.94E+06	1.99E+05	2.03E+06	9.48E+04	8.45E+04	2.81E+06	3.05E+06	3.61E+06
B	18	G130	STANDARD	1.59E+06	5.34E+06	3.73E+06	2.30E+04	2.86E+06	2.17E+06	1.92E+06	1.85E+06	4.84E+06	3.00E+06	3.70E+05	1.49E+06
C	18	G130	STANDARD	9.88E+05	1.08E+06	1.41E+05	1.97E+05	5.76E+05	3.55E+06	9.53E+05	1.97E+04	2.54E+06	4.34E+06	7.47E+05	5.45E+06
D	18	G130	STANDARD	2.33E+06	1.06E+06	1.82E+06	1.19E+06	3.43E+06	1.39E+06	1.20E+06	1.47E+06	2.79E+06	3.82E+06	3.86E+05	1.09E+04
E	18	EMPTY	NONE	3.24E+03	5.24E+03	7.10E+03	7.93E+03	8.53E+03	8.73E+03	7.46E+03	9.49E+03	9.08E+03	8.76E+03	5.18E+03	3.67E+03
F	18	EMPTY	NONE	-7.32E+02	8.96E+02	2.49E+03	2.48E+03	3.18E+03	1.19E+03	2.75E+03	3.33E+03	2.45E+03	2.09E+03	1.25E+03	1.59E+03
G	18	EMPTY	NONE	-2.15E+03	-9.07E+02	5.27E+02	6.66E+02	2.48E+02	-5.71E+01	-1.77E+01	-6.51E+02	-8.76E+02	-9.95E+02	-1.35E+03	-2.63E+02
H	18	EMPTY	NONE	-1.46E+03	-7.27E+02	-5.59E+02	-1.22E+03	-1.91E+02	-4.60E+02	-2.74E+02	-8.69E+02	-1.97E+02	2.29E+02	3.45E+02	1.12E+03
A	18	G130	AMP	4.99E+04	1.86E+06	1.48E+06	9.88E+04	1.14E+06	9.04E+05	3.34E+06	5.27E+05	7.02E+05	1.58E+06	1.49E+06	1.18E+06
B	18	G130	AMP	2.85E+06	6.81E+05	5.22E+05	1.56E+04	1.83E+06	2.36E+06	1.69E+05	2.50E+05	1.21E+05	7.31E+06	1.03E+06	3.19E+06
C	18	G130	AMP	3.51E+04	9.93E+05	1.80E+06	1.61E+05	1.09E+06	2.49E+06	4.91E+06	2.27E+04	1.13E+05	3.47E+06	7.25E+04	1.60E+06
D	18	G130	AMP	2.69E+05	1.79E+06	9.77E+04	2.89E+05	1.30E+05	4.27E+06	9.22E+05	1.07E+06	1.19E+07	1.30E+05	9.13E+04	9.73E+03
E	18	EMPTY	NONE	1.25E+02	3.09E+03	3.93E+03	3.53E+03	5.55E+03	9.96E+03	9.46E+03	1.11E+04	1.49E+04	8.49E+03	2.93E+03	1.12E+03
F	18	G090	STANDARD	-4.47E+02	2.64E+04	1.17E+04	3.30E+03	1.83E+04	1.65E+04	2.41E+04	1.77E+04	1.48E+04	6.30E+03	1.54E+04	1.57E+04
G	18	G090	STANDARD	1.18E+04	5.83E+03	8.52E+03	1.47E+04	5.63E+03	1.07E+04	1.44E+04	1.28E+03	1.46E+04	6.66E+04	7.55E+05	1.12E+04
H	18	G090	STANDARD	1.25E+05	3.21E+04	9.54E+04	1.40E+04	9.33E+03	2.09E+04	7.52E+03	5.56E+04	1.16E+04	2.26E+04	1.76E+04	2.78E+03
A	24	G130	STANDARD	1.30E+05	3.89E+06	1.01E+07	8.49E+05	7.22E+06	4.68E+05	9.64E+06	1.69E+05	9.05E+04	1.06E+07	2.90E+05	7.83E+06
B	24	G130	STANDARD	5.93E+06	1.18E+07	8.54E+06	5.82E+04	1.23E+07	1.51E+07	6.50E+06	3.69E+06	4.37E+04	5.63E+06	2.26E+06	2.33E+06
C	24	G130	STANDARD	7.67E+04	2.67E+06	2.81E+05	7.76E+04	1.15E+06	6.35E+06	1.22E+06	4.78E+04	6.28E+06	8.08E+06	3.07E+06	8.93E+06
D	24	G130	STANDARD	7.65E+06	2.93E+06	6.81E+06	1.61E+06	3.93E+04	4.62E+06	2.51E+06	6.60E+06	8.63E+06	2.71E+07	1.74E+06	6.38E+04
E	24	EMPTY	NONE	2.31E+04	2.27E+04	2.30E+04	1.62E+04	1.79E+04	2.61E+04	2.45E+04	3.34E+04	4.18E+04	5.05E+04	3.65E+04	1.63E+04
F	24	EMPTY	NONE	2.78E+03	6.69E+03	1.26E+04	1.01E+04	1.14E+04	7.03E+03	1.18E+04	1.31E+04	1.22E+04	1.08E+04	1.34E+04	6.77E+03
G	24	EMPTY	NONE	5.24E+03	6.86E+03	4.73E+03	4.29E+03	1.01E+04	5.47E+03	7.89E+03	6.71E+03	1.12E+04	9.90E+03	2.57E+03	5.55E+03
H	24	EMPTY	NONE	2.59E+03	-1.24E+03	-7.22E+02	-2.44E+03	7.09E+02	-3.57E+03	2.12E+03	2.90E+03	1.71E+03	7.02E+02	1.67E+03	6.66E+02
A	24	G130	AMP	1.42E+05	4.51E+06	3.21E+06	1.80E+05	2.32E+06	9.47E+05	8.68E+06	2.82E+06	1.26E+06	3.35E+06	1.36E+05	2.70E+06
B	24	G130	AMP	5.86E+06	4.06E+06	8.42E+05	3.24E+04	3.75E+06	7.02E+06	1.31E+05	8.26E+05	3.53E+04	1.26E+07	3.18E+06	7.61E+06
C	24	G130	AMP	8.97E+04	2.37E+06	5.13E+06	5.16E+04	5.14E+06	7.07E+06	1.04E+07	5.06E+04	1.67E+05	6.10E+06	3.79E+05	2.77E+06
D	24	G130	AMP	5.86E+05	4.49E+06	1.50E+05	4.28E+05	3.44E+04	6.44E+06	9.51E+05	6.40E+06	3.36E+07	2.84E+05	8.86E+04	1.71E+04
E	24	EMPTY	NONE	-3.20E+03	-2.39E+03	-2.81E+03	-2.33E+03	-2.62E+03	-1.99E+03	-2.24E+03	-1.17E+03	1.01E+04	-1.14E+03	-4.07E+03	-3.41E+03
F	24	G090	STANDARD	-3.09E+03	1.01E+03	6.09E+03	-1.02E+03	5.42E+03	8.49E+03	2.20E+04	1.18E+04	6.24E+03	1.81E+02	-7.08E+02	5.69E+03
G	24	G090	STANDARD	-4.41E+03	1.03E+03	5.44E+03	2.38E+03	9.25E+02	4.87E+03	4.70E+03	-1.90E+03	-1.75E+03	2.06E+03	4.55E+03	4.17E+03
H	24	G090	STANDARD	8.41E+03	2.74E+04	4.15E+03	8.56E+03	-2.18E+03	1.23E+04	3.87E+03	1.52E+04	8.75E+03	4.71E+04	6.35E+03	-1.31E+03
A	30	G130	STANDARD	1.57E+05	6.52E+06	1.79E+07	2.28E+06	1.10E+07	3.85E+05	1.06E+07	2.61E+05	1.45E+05	6.25E+06	3.96E+05	5.41E+04
B	30	G130	STANDARD	6.04E+06	1.66E+07	1.09E+07	5.63E+04	2.08E+06	1.81E+07	4.77E+06	5.96E+06	4.72E+04	5.55E+06	6.14E+04	1.38E+07
C	30	G130	STANDARD	4.72E+04	6.06E+04	4.47E+05	6.31E+04	2.20E+06	1.84E+07	2.19E+06	5.56E+04	9.22E+06	1.96E+05	7.02E+06	1.94E+07
D	30	G130	STANDARD	1.13E+07	6.53E+06	9.81E+06	5.38E+06	3.93E+04	5.16E+04	6.35E+06	5.28E+06	6.15E+06	2.94E+06	4.15E+06	1.90E+05
E	30	EMPTY	NONE	3.02E+04	3.61E+04	2.99E+04	2.46E+04	2.54E+04	2.78E+04	3.03E+04	3.42E+04	2.63E+04	2.11E+04	2.87E+04	1.65E+04
F	30	EMPTY	NONE	1.38E+04	1.95E+04	1.35E+04	1.25E+04	1.57E+04	1.55E+04	1.64E+04	1.52E+04	1.31E+04	9.36E+03	1.33E+04	1.10E+04
G	30	EMPTY	NONE	8.62E+03	1.01E+04	9.52E+03	1.05E+04	7.39E+03	5.58E+03	8.83E+03	8.72E+03	9.47E+03	4.93E+03	6.85E+03	7.32E+03
H	30	EMPTY	NONE	7.15E+03	3.34E+03	1.02E+03	1.21E+03	5.22E+02	3.44E+02	2.52E+03	3.03E+03	3.49E+03	2.84E+03	7.88E+03	1.84E+03
A	30	G130	AMP	1.30E+05	5.16E+06	6.07E+06	2.91E+05	3.12E+06	2.25E+06	8.94E+06	3.23E+06	4.01E+06	6.14E+06	1.52E+05	1.40E+05
B	30	G130	AMP	6.82E+06	5.79E+06	1.07E+06	4.01E+04	5.66E+06	1.21E+07	1.80E+05	2.93E+06	3.46E+04	8.66E+06	1.86E+05	8.98E+06
C	30	G130	AMP	2.25E+04	2.53E+05	1.34E+07	4.06E+04	5.47E+06	9.84E+06	1.07E+07	4.59E+04	3.14E+05	1.26E+07	3.17E+05	4.78E+06
D	30	G130	AMP	1.04E+06	6.17E+06	2.59E+05	1.01E+06	3.03E+04	4.25E+04	2.66E+06	1.02E+07	9.83E+05	6.05E+05	1.05E+05	2.49E+04
E	30	EMPTY	NONE	-3.27E+03	-2.51E+03	-2.72E+03	-2.19E+03	-2.45E+03	-2.15E+03	-2.24E+03	-1.46E+03	-2.36E+03	-2.52E+03	-4.28E+03	-3.40E+03
F	30	G090	STANDARD	-3.32E+03	7.65E+02	7.13E+03	-1.65E+03	4.47E+03	8.68E+03	9.49E+03	1.18E+04	5.77E+03	-2.20E+03	-1.19E+03	-6.44E+02
G	30	G090	STANDARD	-4.67E+03	1.23E+03	3.54E+03	2.56E+03	-5.56E+02	4.07E+03	3.66E+03	-1.47E+03	-1.58E+03	5.74E+02	-8.82E+02	5.67E+03
H	30	G090	STANDARD	-3.94E+02	-3.14E+03	2.33E+03	1.06E+04	-3.41E+03	-8.00E+02	1.43E+03	1.17E+04	1.25E+04	5.22E+04	3.97E+03	-7.07E+02
A	42	G130	STANDARD	-1.66E+05	1.44E+07	3.88E+06	2.70E+07	-3.73E+05	7.27E+05	8.46E+06	1.20E+06	3.55E+05	1.85E+07	-1.72E+05	-2.55E+05
B	42	G130	STANDARD	1.37E+07	4.25E+06	3.76E+06	-1.87E+05	3.94E+06	2.49E+07	-2.66E+05	1.17E+07	-1.53E+05	3.62E+04	-3.30E+05	-1.21E+05
C	42	G130	STANDARD	-2.51E+05	-3.69E+04	6.55E+05	-2.53E+05	5.53E+06	5.11E+07	8.85E+06	-2.00E+05	6.75E+06	-1.55E+05	1.60E+07	9.54E+06
D	42	G130	STANDARD	-3.45E+05	9.15E+06	2.72E+07	1.57E+07	-7.51E+04	-1.77E+05	8.19E+06	5.57E+06	2.57E+07	6.13E+06	3.90E+07	1.58E+05
E	42	EMPTY	NONE	-1.29E+05	-4.49E+04	7.05E+04	8.80E+04	-1.86E+05	1.80E+05	-1.46E+05	-6.22E+04	-1.31E+05	3.73E+05	-2.55E+04	4.01E+05
F	42	EMPTY	NONE	1.13E+05	-3.21E+04	-1.85E+04	-1.46E+05	-1.69E+04	1.44E+05	9.99E+04	-2.01E+05	-3.87E+04	-2.61E+05	-1.67E+05	-1.17E+05
G	42	EMPTY	NONE	-4.07E+04	-3.68E+04	-1.11E+05	-1.45E+05	1.93E+05	-5.12E+04	-2.62E+05	5.24E+04	-2.27E+05	1.57E+05	-1.81E+05	-3.61E+05
H	42	EMPTY	NONE	-1.80E+05	1.68E+05	-1.67E+05	1.22E+04	2.55E+05	-5.56E+03	7.25E+04	-1.95E+05	-4.15E+04	1.64E+05	5.27E+04	3.63E+04
A	42	G130	AMP	-1.66E+05	1.44E+07	3.88E+06	2.70E+07	-3.73E+05	7.27E+05	8.46E+06	1.20E+06	3.55E+05	1.85E+07	-1.72E+05	-2.55E+05
B	42	G130	AMP	1.37E+07	4.25E+06	3.76E+06	-1.87E+05	3.94E+06	2.49E+07	-2.66E+05	1.17E+07	-1.53E+05	3.62E+04	-3.30E+05	-1.21E+05
C	42	G130	AMP	-2.51E+05	-3.69E+04	6.55E+05	-2.53E+05	5.53E+06	5.11E+07	8.85E+06	-2.00E+05	6.75E+06	-1.55E+05	1.60E+07	9.54E+06
D	42	G130	AMP	-3.45E+05	9.15E+06	2.72E+07	1.57E+07	-7.51E+04	-1.77E+05	8.19E+06	5.57E+06	2.57E+07	6.13E+06	3.90E+07	1.58E+05
E	42	EMPTY	NONE	-1.29E+05	-4.49E+04	7.05E+04	8.80E+04	-1.86E+05	1.80E+05	-1.46E+05	-6.22E+04	-1.31E+05	3.73E+05	-2.55E+04	4.01E+05
F	42	G090	STANDARD	1.13E+05	-3.21E+04	-1.85E+04	-1.46E+05	-1.69E+04	1.44E+05	9.99E+04	-2.01E+05	-3.87E+04	-2.61E+05	-1.67E+05	-1.17E+05
G	42	G090	STANDARD	-4.07E+04	-3.68E+04	-1.11E+05	-1.45E+05	1.93E+05	-5.12E+04	-2.62E+05	5.24E+04	-2.27E+05	1.57E+05	-1.81E+05	-3.61E+05
H	42	G090	STANDARD	-1.80E+05	1.68E+05	-1.67E+05	1.22E+04	2.55E+05	-5.56E+03	7.25E+04	-1.95E+05	-4.15E+04	1.64E+05	5.27E+04	3.63E+04
A	48	G130	STANDARD	1.33E+04	2.64E+04	1.52E+06	7.92E+06	4.54E+04	2.20E+06	3.32E+06	1.29E+06	8.25E+05	1.19E+07	6.99E+05	7.15E+03
B	48	G130	STANDARD	2.48E+06	6.03E+05	2.54E+06	5.49E+04	8.12E+05	3.03E+07	1.05E+05	3.22E+04	3.16E+04	2.62E+04	4.68E+04	2.45E+04
C	48	G130	STANDARD	3.68E+04	6.51E+04	7.82E+04	8.79E+04	4.51E+06	1.19E+07	1.81E+07	4.93E+04	7.60E+05	4.52E+04	1.46E+07	9.97E+05
D	48	G130	STANDARD	9.66E+04	1.30E+07	5.48E+07	2.35E+07	8.36E+04	5.94E+04	7.05E+04	1.45E+07	1.13E+07	2.20E+06	6.32E+06	5.38E+04
E	48	EMPTY	NONE	3.08E+04	8.09E+04	1.18E+05	6.13E+04	3.18E+04	2.58E+04	3.45E+04	4.09E+04	4.60E+04	2.63E+04	2.36E+04	1.18E+04
F	48	EMPTY	NONE	1.31E+04	3.00E+04	4.43E+04	1.35E+04	1.63E+04	1.24E+04	1.52E+04	2.36E+04	1.04E+04	1.12E+04	6.89E+03	3.26E+03
G	48	EMPTY	NONE	3.92E+03	1.53E+04	1.98E+04	1.27E+04	4.46E+03	8.17E+01	4.79E+03	4.60E+03	1.10E+04	1.04E+04	9.87E+03	6.94E+03
H	48	EMPTY	NONE	6.28E+03	2.38E+03	1.10E+04	1.09E+04	1.23E+03	3.92E+03	4.90E+03	-2.14E+03	6.34E+03	1.17E+04	7.91E+03	1.10E+04
A	48	G130	AMP	4.40E+04	1.71E+06	3.33E+07	7.49E+05	9.02E+04	6.97E+06	2.98E+07	1.58E+07	1.21E+07	1.36E+07	1.36E+05	9.89E+05
B	48	G130	AMP	1.20E+07	1.13E+07	3.07E+06	1.12E+05	2.21E+07	2.02E+07	1.89E+05	2.18E+07	8.73E+04	5.16E+04	5.55E+04	2.49E+07
C	48	G130	AMP	4.36E+04	4.63E+04	9.30E+05	1.51E+05	3.51E+07	1.09E+05	6.37E+06	9.20E+04	4.05E+06	2.59E+06	5.80E+05	4.04E+04
D	48	G130	AMP	1.84E+05	1.55E+06	9.66E+05	2.69E+07	7.77E+04	6.75E+04	1.66E+07	1.23E+07	1.40E+05	8.59E+06	6.35E+04	1.59E+04
E	48	EMPTY	NONE	1.62E+04	3.33E+04	4.68E+04	7.20E+04	3.22E+04	3.78E+04	5.41E+04	4.26E+04	3.52E+04	2.92E+04	1.88E+04	1.51E+04
F	48	G090	STANDARD	1.92E+04	2.31E+04	2.44E+04	2.52E+04	2.22E+04	2.51E+04	2.91E+04	2.63E+04	2.51E+04	1.52E+04	1.47E+04	1.32E+04
G	48	G090	STANDARD	1.39E+04	1.53E+04	1.29E+04	1.50E+04	1.08E+04	1.15E+04	1.23E+04	8.42E+03	1.06E+04	1.54E+04	6.80E+03	2.11E+04
H	48	G090	STANDARD	8.28E+03	1.08E+04	1.09E+04	1.93E+04	1.23E+04	3.84E+03	1.20E+04	8.91E+03	1.55E+04	1.77E+04	2.12E+04	1.31E+04
A	54	G130	STANDARD	-5.38E+02	6.46E+03	8.37E+05	5.78E+05	5.59E+03	6.08E+06	1.57E+06	1.22E+06	7.73E+05	1.40E+04	2.17E+03	-3.86E+03
B	54	G130	STANDARD	7.45E+05	3.18E+05	1.46E+06	2.03E+03	6.71E+03	1.42E+06	6.30E+03	4.51E+03	3.14E+03	-6.57E+02	5.23E+03	-8.70E+02
C	54	G130	STANDARD	8.55E+03	5.86E+03	1.56E+04	2.24E+04	3.01E+06	5.62E+05	7.08E+03	-1.51E+03	2.49E+05	1.38E+04	2.41E+06	4.55E+05
D	54	G130	STANDARD	-2.35E+03	2.40E+04	1.19E+07	1.16E+06	1.63E+04	7.62E+02	3.31E+03	4.58E+02	1.35E+06	2.41E+06	2.16E+06	1.54E+04
E	54	EMPTY	NONE	-4.92E+02	5.55E+03	3.49E+04	1.21E+04	1.50E+03	2.19E+03	-1.54E+03	1.20E+03	7.84E+03	4.91E+03	8.21E+02	4.39E+03
F	54	EMPTY	NONE	-6.43E+02	1.86E+03	3.89E+03	1.73E+03	1.16E+02	-2.27E+03	-1.20E+03	1.26E+03	1.38E+03	-2.54E+03	-2.63E+03	-4.34E+01
G	54	EMPTY	NONE	-3.40E+03	-3.23E+03	-1.35E+03	-5.56E+02	-1.96E+03	-8.21E+02	-6.06E+03	-2.37E+03	-5.72E+03	-5.11E+03	-3.95E+03	-3.75E+03
H	54	EMPTY	NONE	-2.52E+03	-5.20E+03	-6.20E+03	-3.98E+03	-2.73E+03	-6.13E+03	-3.60E+02	-2.97E+03	-5.55E+03	-3.44E+03	-1.89E+03	-6.67E+03
A	54	G130	AMP	2.83E+04	9.68E+04	2.09E+06	5.96E+05	4.80E+05	1.35E+07	1.24E+07	1.13E+07	1.74E+07	6.31E+05	1.51E+04	1.79E+05
B	54	G130	AMP	2.68E+05	2.25E+07	3.50E+06	4.22E+04	2.26E+07	4.92E+06	4.68E+04	2.59E+06	3.18E+04	2.39E+04	1.48E+04	4.25E+06
C	54	G130	AMP	1.63E+04	3.55E+04	1.18E+06	3.93E+04	3.41E+06	2.92E+04	1.40E+05	2.66E+04	2.80E+04	1.61E+06	6.85E+05	3.75E+04
D	54	G130	AMP	3.23E+04	2.54E+05	8.47E+05	7.84E+05	1.57E+04	9.16E+03	1.85E+04	4.38E+06	1.96E+05	2.64E+07	6.94E+05	9.54E+03
E	54	EMPTY	NONE	7.88E+03	1.09E+04	1.36E+04	1.52E+04	1.71E+04	1.77E+04	1.86E+04	1.83E+04	1.51E+04	1.34E+04	1.04E+04	1.01E+04
F	54	G090	STANDARD	-2.80E+03	-8.03E+02	3.15E+02	-9.54E+02	-1.39E+03	6.16E+03	-1.15E+03	4.35E+03	1.71E+03	-1.52E+03	-1.61E+03	-1.70E+03
G	54	G090	STANDARD	-3.08E+03	-7.84E+02	-8.90E+02	-5.28E+02	-1.02E+03	-9.05E+02	-1.90E+03	-2.53E+03	-7.09E+02	-1.29E+03	-2.73E+03	-1.87E+03
H	54	G090	STANDARD	-3.13E+03	-3.08E+03	3.13E+01	-1.26E+03	-2.81E+03	-2.57E+03	1.43E+03	5.00E+03	-2.72E+02	-1.61E+03	-4.35E+02	-2.09E+03